200
    0     250        250          0          0        1821          0
    1     440        436         18        300         301         10
    2     214        394         10        302         310         10
    3     476        483         10        315         330         10
    4     352        487         27        331         335         10
    5     230        197         40        340         345         10
    6     175        239         23        356         370         10
    7     133        202         33        1190       1220         10
    8     328        458         17        1230       1270         10
    9      25        499         10        1280       1310         10
   10     226        423         15        1320       1350         10

