200
    0     250.0155       250.0155         0          0       1821          0
    1     440.0155       436.0155         18        892        922         10
    2     214.0155       394.0155         10        231        261         10
    3     476.0155       483.0155         10        355        385         10
    4     352.0155       487.0155         27        902        932         10
    5     230.0155       197.0155         40        122        152         10
    6     175.0155       239.0155         23         75        105         10
    7     133.0155       202.0155         33        461        491         10
    8     328.0155       458.0155         17        768        798         10
    9      25.0155       499.0155         10        445        475         10
   10     226.0155       423.0155         15        197        227         10
   11     313.0155       282.0155         20        163        193         10
   12      60.0155       454.0155         10        347        377         10
   13     239.0155       486.0155          3       1482       1512         10
   14     102.0155       264.0155         10        148        178         10
   15     408.0155       452.0155         10        272        302         10
   16     451.0155        62.0155          5        282        312         10
   17     203.0155       390.0155         40        159        189         10
   18      92.0155       233.0155         10        224        254         10
   19       7.0155       300.0155         30        345        375         10
   20     409.0155        90.0155         20        258        288         10
   21     307.0155       108.0155         10        237        267         10
   22     347.0155        54.0155         10        295        325         10
   23     406.0155        87.0155         10        313        343         10
   24     371.0155       332.0155         14        530        560         10
   25     116.0155       466.0155         20        254        284         10
   26     441.0155       265.0155         40        197        227         10
   27     130.0155       140.0155         17        194        224         10
   28      80.0155       117.0155         24        824        854         10
   29     421.0155       387.0155         15        801        831         10
   30      83.0155       300.0155         26        500        530         10
   31     136.0155        52.0155         10        293        323         10
   32      18.0155       462.0155         20        398        428         10
   33     390.0155       120.0155         24       1004       1034         10
   34     188.0155       119.0155         44        975       1005         10
   35     467.0155       114.0155         10        376        406         10
   36     440.0155       292.0155         24        940        970         10
   37     268.0155       400.0155         20        243        273         10
   38     391.0155       202.0155         14        148        178         10
   39     377.0155       432.0155         20        831        861         10
   40      80.0155       290.0155         10        197        227         10
   41     439.0155        15.0155         20        343        373         10
   42     307.0155        52.0155         23        920        950         10
   43     111.0155       192.0155         11       1199       1229         10
   44     131.0155        56.0155         10        256        286         10
   45      88.0155       286.0155         10        252        282         10
   46      69.0155       414.0155          6       1263       1293         10
   47      41.0155       232.0155         16        209        239         10
   48     323.0155        77.0155         36       1405       1435         10
   49     340.0155       416.0155         36        321        351         10
   50      86.0155       199.0155         23        278        308         10
   51     314.0155       124.0155         20        231        261         10
   52     375.0155       191.0155         30        167        197         10
   53     226.0155       175.0155         23       1694       1724         10
   54     242.0155       106.0155         28       1268       1298         10
   55     417.0155       417.0155         10        332        362         10
   56     419.0155       459.0155         20        316        346         10
   57     389.0155        11.0155         20        323        353         10
   58     450.0155       416.0155         25        577        607         10
   59     246.0155       255.0155         10        113        143         10
   60      71.0155       333.0155         10        197        227         10
   61     105.0155       474.0155         27        471        501         10
   62      20.0155       489.0155         10        383        413         10
   63     388.0155       331.0155         20        160        190         10
   64      92.0155       259.0155          4        399        429         10
   65     200.0155       261.0155         10        166        196         10
   66     400.0155       288.0155         30        154        184         10
   67     299.0155       285.0155          3       1254       1284         10
   68     378.0155       199.0155         10        207        237         10
   69     325.0155       147.0155         14       1187       1217         10
   70     421.0155       386.0155         29        824        854         10
   71     404.0155       447.0155         20        250        280         10
   72     412.0155       478.0155          7        960        990         10
   73      26.0155        67.0155         15       1317       1347         10
   74     358.0155       183.0155         20        234        264         10
   75      30.0155       302.0155         10        267        297         10
   76     176.0155       470.0155         14        547        577         10
   77      96.0155       270.0155         20        162        192         10
   78     243.0155       408.0155         15       1434       1464         10
   79      60.0155        29.0155         32       1363       1393         10
   80      34.0155       169.0155         11        484        514         10
   81     407.0155       280.0155         10        209        239         10
   82     277.0155       403.0155         10        175        205         10
   83     498.0155       456.0155         27       1406       1436         10
   84     384.0155       491.0155         20        348        378         10
   85     355.0155       174.0155         33        715        745         10
   86      97.0155       288.0155         22       1284       1314         10
   87     316.0155       284.0155         20        125        155         10
   88     334.0155       403.0155         26        174        204         10
   89     415.0155       223.0155         20        305        335         10
   90     230.0155       320.0155          8       1192       1222         10
   91     432.0155       199.0155          7        639        669         10
   92      92.0155        18.0155          8       1124       1154         10
   93     273.0155       300.0155         30         55         85         10
   94     269.0155       112.0155         19       1263       1293         10
   95     429.0155       389.0155         18        424        454         10
   96     371.0155        71.0155         21        287        317         10
   97       5.0155       297.0155         10        331        361         10
   98     414.0155       378.0155         23        495        525         10
   99      38.0155        15.0155          3       1091       1121         10
  100       2.0155       295.0155         30        306        336         10
  101     237.0155       254.0155         20         83        113         10
  102      54.0155       445.0155         10        308        338         10
  103     382.0155       110.0155         24       1112       1142         10
  104     438.0155       488.0155         18        327        357         10
  105     395.0155       331.0155         20        217        247         10
  106     230.0155       487.0155         20       1130       1160         10
  107     249.0155       407.0155         10        174        204         10
  108     488.0155        26.0155         30        433        463         10
  109     151.0155        81.0155         28       1558       1588         10
  110     483.0155        14.0155         10        363        393         10
  111       0.0155       422.0155          8        821        851         10
  112     429.0155        67.0155         16        732        762         10
  113     195.0155       464.0155         20       1541       1571         10
  114     356.0155       256.0155         19        106        136         10
  115     264.0155       180.0155         33       1681       1711         10
  116      94.0155       235.0155         20        156        186         10
  117     474.0155        96.0155         30        271        301         10
  118     268.0155        52.0155         10        306        336         10
  119      44.0155       440.0155         24        789        819         10
  120       7.0155       382.0155         27        770        800         10
  121     459.0155        53.0155         20       1122       1152         10
  122     491.0155        25.0155         10        409        439         10
  123     439.0155       243.0155         20        314        344         10
  124     210.0155       185.0155         20         76        106         10
  125     150.0155        68.0155         23        423        453         10
  126     201.0155       270.0155         10         52         82         10
  127       0.0155       188.0155         26        932        962         10
  128     103.0155       464.0155         22       1273       1303         10
  129     325.0155        56.0155         13        796        826         10
  130      44.0155       344.0155         12       1079       1109         10
  131     418.0155        75.0155         11        448        478         10
  132     472.0155        57.0155         17       1295       1325         10
  133     460.0155       328.0155         13        224        254         10
  134      89.0155       270.0155         10        204        234         10
  135     374.0155       190.0155         20        143        173         10
  136     463.0155       253.0155         23       1047       1077         10
  137      97.0155        93.0155         20        240        270         10
  138     163.0155       472.0155          9        653        683         10
  139      29.0155       336.0155         22        332        362         10
  140      84.0155       453.0155         19       1223       1253         10
  141     294.0155       421.0155         26       1575       1605         10
  142     343.0155        62.0155         10        357        387         10
  143     371.0155       193.0155         20        133        163         10
  144     142.0155       372.0155         18        162        192         10
  145      66.0155        88.0155          2        830        860         10
  146     395.0155       332.0155         10        206        236         10
  147      93.0155       413.0155         17        226        256         10
  148     267.0155       394.0155         10        259        289         10
  149     249.0155       258.0155         30        127        157         10
  150     472.0155       129.0155         10        252        282         10
  151      87.0155         3.0155         13       1433       1463         10
  152      62.0155       326.0155         20        286        316         10
  153     212.0155       186.0155         11       1707       1737         10
  154     241.0155       402.0155         11       1025       1055         10
  155     439.0155       266.0155         10        189        219         10
  156      79.0155        80.0155         19       1382       1412         10
  157      62.0155       453.0155         10        295        325         10
  158     188.0155       151.0155          7       1297       1327         10
  159     386.0155       154.0155         31       1101       1131         10
  160      38.0155       301.0155         20        296        326         10
  161     192.0155       265.0155         10        124        154         10
  162     371.0155       192.0155         30        134        164         10
  163      64.0155       294.0155         12       1101       1131         10
  164     381.0155       494.0155         10        333        363         10
  165     437.0155        12.0155         20        330        360         10
  166     186.0155       135.0155         24        718        748         10
  167     459.0155        10.0155         10        335        365         10
  168     175.0155       422.0155         24       1446       1476         10
  169     274.0155        48.0155         10        211        241         10
  170     488.0155       173.0155         20        279        309         10
  171     398.0155        97.0155         10        212        242         10
  172     385.0155        17.0155         40        809        839         10
  173     180.0155       283.0155         23        744        774         10
  174      71.0155        12.0155          2        297        327         10
  175     343.0155        49.0155         10        265        295         10
  176     248.0155       251.0155         20          2         32         10
  177       7.0155       194.0155         29        951        981         10
  178     322.0155       290.0155         23       1479       1509         10
  179     410.0155       399.0155         25        234        264         10
  180     398.0155       103.0155         30        278        308         10
  181     385.0155       285.0155         13        868        898         10
  182     179.0155       497.0155          1       1411       1441         10
  183     464.0155        13.0155         20        385        415         10
  184     492.0155       335.0155         10        828        858         10
  185      27.0155       464.0155         21       1291       1321         10
  186     231.0155        29.0155         14       1226       1256         10
  187     157.0155        38.0155          3       1048       1078         10
  188     439.0155       268.0155         10        298        328         10
  189     149.0155       214.0155          7        482        512         10
  190     187.0155        73.0155         18        292        322         10
  191     429.0155       169.0155          8        903        933         10
  192     350.0155       199.0155         21       1201       1231         10
  193      60.0155       231.0155         32       1026       1056         10
  194     448.0155       404.0155         15        599        629         10
  195     481.0155        20.0155         20        347        377         10
  196     436.0155        25.0155         19       1282       1312         10
  197     111.0155       459.0155         20        359        389         10
  198     389.0155        17.0155         10        366        396         10
  199     148.0155       208.0155         22        526        556         10
  200     475.0155       477.0155         20        405        435         10
  201     390.0155       325.0155         30        251        281         10
  202     346.0155       354.0155          8        817        847         10
  203      91.0155       266.0155         10        233        263         10
  204      17.0155        65.0155         20        327        357         10
  205     391.0155       112.0155         24       1000       1030         10
  206     224.0155       203.0155         20         53         83         10
  207     426.0155       231.0155         24       1028       1058         10
  208     260.0155       472.0155         33       1036       1066         10
  209     265.0155         0.0155         10        896        926         10
  210     391.0155       293.0155         20        226        256         10
  211     411.0155       421.0155         20        315        345         10
  212     132.0155        30.0155         20        326        356         10
  213     475.0155       480.0155         30        379        409         10
  214     286.0155       244.0155         31       1284       1314         10
  215     436.0155       237.0155         20        186        216         10
  216     402.0155       284.0155         30        165        195         10
  217     287.0155       397.0155         12        564        594         10
  218     272.0155       420.0155          7       1386       1416         10
  219     477.0155       120.0155         10        342        372         10
  220     145.0155       434.0155         20        233        263         10
  221      33.0155       286.0155         11       1546       1576         10
  222     370.0155       262.0155         15       1099       1129         10
  223     393.0155        20.0155         20        391        421         10
  224     330.0155       308.0155         24       1170       1200         10
  225     246.0155       398.0155         40        148        178         10
  226     482.0155       184.0155         14       1107       1137         10
  227     451.0155       305.0155         13        208        238         10
  228     226.0155       316.0155         21         70        100         10
  229     110.0155       459.0155         30        348        378         10
  230     244.0155       250.0155         10         12         42         10
  231     458.0155        16.0155         20        313        343         10
  232     390.0155        34.0155          7       1060       1090         10
  233     423.0155       214.0155         20        217        247         10
  234     219.0155       215.0155         32         46         76         10
  235     326.0155       118.0155         10        152        182         10
  236     365.0155        74.0155         24        848        878         10
  237     331.0155       356.0155         13        712        742         10
  238     210.0155       398.0155         10        204        234         10
  239     403.0155        93.0155         10        341        371         10
  240     248.0155       404.0155         30        154        184         10
  241      65.0155        62.0155         15        976       1006         10
  242     460.0155        13.0155         20        322        352         10
  243       0.0155       293.0155         30        279        309         10
  244     211.0155       248.0155         26         39         69         10
  245     484.0155       174.0155         10        265        295         10
  246     175.0155       352.0155         12       1655       1685         10
  247     455.0155       168.0155         21        867        897         10
  248     224.0155       191.0155         20         81        111         10
  249     439.0155       156.0155          2        526        556         10
  250     434.0155       359.0155         13       1392       1422         10
  251     118.0155       314.0155         26        338        368         10
  252     234.0155       246.0155         10         65         95         10
  253     406.0155       450.0155         20        259        289         10
  254      75.0155       118.0155         21        409        439         10
  255     115.0155       395.0155         11        815        845         10
  256     329.0155       456.0155         19        249        279         10
  257     218.0155       403.0155         15       1319       1349         10
  258     149.0155       341.0155          6        404        434         10
  259     253.0155        74.0155         20       1350       1380         10
  260     436.0155       241.0155         20        327        357         10
  261     238.0155       203.0155         10         94        124         10
  262     405.0155       455.0155         40        341        371         10
  263     485.0155        27.0155         10        446        476         10
  264     323.0155       118.0155         20        161        191         10
  265     330.0155       371.0155          1        559        589         10
  266      25.0155        65.0155         10        376        406         10
  267     406.0155        96.0155         20        219        249         10
  268      49.0155       451.0155         20        284        314         10
  269     307.0155       249.0155         10       1377       1407         10
  270     178.0155       135.0155         21       1514       1544         10
  271     299.0155       353.0155         34        114        144         10
  272     236.0155       213.0155         20         39         69         10
  273     355.0155       177.0155         20        127        157         10
  274     394.0155        23.0155         20        404        434         10
  275     306.0155       235.0155         25         57         87         10
  276      90.0155       477.0155         18        277        307         10
  277     379.0155       486.0155         22        672        702         10
  278     435.0155        16.0155         10        367        397         10
  279       8.0155       497.0155         40        408        438         10
  280     150.0155       484.0155         16        625        655         10
  281     213.0155       399.0155         18        234        264         10
  282     391.0155        18.0155         10        378        408         10
  283     111.0155       392.0155         18       1169       1199         10
  284     330.0155       281.0155         14       1330       1360         10
  285     344.0155       203.0155         14        167        197         10
  286      91.0155       235.0155         10        269        299         10
  287     346.0155        60.0155         10        321        351         10
  288     483.0155        27.0155         20        458        488         10
  289     382.0155       498.0155         10        309        339         10
  290     457.0155       492.0155          7        508        538         10
  291     291.0155       213.0155         23       1258       1288         10
  292     154.0155       374.0155         36        937        967         10
  293     225.0155       196.0155         10         59         89         10
  294      94.0155        40.0155         24       1068       1098         10
  295       0.0155       356.0155         13       1086       1116         10
  296     297.0155       283.0155         28       1349       1379         10
  297     371.0155       423.0155         10        211        241         10
  298     417.0155       217.0155         30        189        219         10
  299     500.0155       228.0155          8        782        812         10
  300     412.0155       214.0155         10        165        195         10
  301     442.0155       289.0155         25        195        225         10
  302     157.0155       269.0155         31       1576       1606         10
  303     440.0155       241.0155         10        301        331         10
  304     100.0155       266.0155         20        150        180         10
  305     111.0155       178.0155         18        156        186         10
  306      91.0155       101.0155         10        298        328         10
  307      25.0155       307.0155         10        249        279         10
  308     135.0155       400.0155         20        299        329         10
  309      58.0155       458.0155         10        323        353         10
  310     133.0155        26.0155         10        312        342         10
  311     211.0155       386.0155         20        141        171         10
  312      94.0155        97.0155         20        218        248         10
  313      30.0155       155.0155          9       1280       1310         10
  314     208.0155       184.0155         20         78        108         10
  315     394.0155       333.0155         20        194        224         10
  316     355.0155       180.0155         30        137        167         10
  317     241.0155       180.0155         13       1695       1725         10
  318      21.0155       485.0155         30        338        368         10
  319      80.0155       251.0155         14        304        334         10
  320     476.0155        61.0155         36        449        479         10
  321     406.0155        94.0155         10        228        258         10
  322     364.0155        71.0155          5       1348       1378         10
  323     418.0155       221.0155         10        291        321         10
  324     274.0155       441.0155         12        695        725         10
  325     304.0155        97.0155         20        182        212         10
  326     297.0155       102.0155         10        155        185         10
  327     250.0155       405.0155         20        162        192         10
  328     111.0155       463.0155         20        322        352         10
  329     408.0155       279.0155         20        220        250         10
  330     263.0155       418.0155         25        278        308         10
  331     480.0155       119.0155          7        628        658         10
  332     420.0155       383.0155         27        982       1012         10
  333     142.0155        14.0155         18        835        865         10
  334      73.0155       328.0155         20        193        223         10
  335      50.0155       438.0155         20        337        367         10
  336     441.0155         7.0155         20        392        422         10
  337     462.0155        14.0155         20        397        427         10
  338     360.0155       294.0155          9       1418       1448         10
  339      58.0155        39.0155         12       1163       1193         10
  340      58.0155       391.0155         16        882        912         10
  341     410.0155       285.0155         20        193        223         10
  342      96.0155        97.0155         20        217        247         10
  343      21.0155        64.0155         20        352        382         10
  344     238.0155       210.0155         30        134        164         10
  345     479.0155       121.0155         10        308        338         10
  346     200.0155       178.0155         20         94        124         10
  347     216.0155       341.0155         19        654        684         10
  348      48.0155       437.0155          4        804        834         10
  349     200.0155       270.0155         20         59         89         10
  350     357.0155       181.0155         20        149        179         10
  351     476.0155       174.0155         30        324        354         10
  352     400.0155       286.0155         10        154        184         10
  353     351.0155       481.0155         10        322        352         10
  354     270.0155       400.0155         10        151        181         10
  355      95.0155       234.0155         10        163        193         10
  356     128.0155       113.0155         22        363        393         10
  357     133.0155       455.0155         25        808        838         10
  358      16.0155       463.0155         20        375        405         10
  359      59.0155       388.0155         20        663        693         10
  360     376.0155       190.0155         30        155        185         10
  361     481.0155       122.0155         30        295        325         10
  362     266.0155       405.0155         20        217        247         10
  363     374.0155       232.0155         33        125        155         10
  364     398.0155        20.0155         20        273        303         10
  365     481.0155        26.0155         30        321        351         10
  366      63.0155       444.0155         20        380        410         10
  367      89.0155       290.0155         20        168        198         10
  368     246.0155       314.0155         36       1445       1475         10
  369      40.0155       304.0155         16       1145       1175         10
  370     262.0155       369.0155         15        129        159         10
  371     323.0155        29.0155          7       1137       1167         10
  372      89.0155        65.0155         16        720        750         10
  373     144.0155        35.0155         26        239        269         10
  374     200.0155       265.0155         10        152        182         10
  375     436.0155       264.0155         20        186        216         10
  376      15.0155       457.0155         20        323        353         10
  377     397.0155        20.0155         20        280        310         10
  378     328.0155       491.0155         21        678        708         10
  379     399.0155       175.0155         13        747        777         10
  380     432.0155         2.0155         20        467        497         10
  381      63.0155       336.0155         20        266        296         10
  382       6.0155       296.0155         10        320        350         10
  383     146.0155       376.0155          8        234        264         10
  384     295.0155       247.0155         12       1303       1333         10
  385     235.0155        33.0155         30       1337       1367         10
  386     233.0155       204.0155         20         54         84         10
  387     142.0155       360.0155         20       1532       1562         10
  388     177.0155       156.0155         25        167        197         10
  389     315.0155       287.0155         30        148        178         10
  390     452.0155       172.0155          9        608        638         10
  391     263.0155       153.0155         12        412        442         10
  392     493.0155       493.0155         20        856        886         10
  393     320.0155       283.0155         30        111        141         10
  394      64.0155         5.0155         14       1129       1159         10
  395      95.0155       235.0155         10        155        185         10
  396     203.0155       211.0155         20       1306       1336         10
  397      16.0155       497.0155         20        426        456         10
  398     348.0155       348.0155         23        935        965         10
  399     485.0155       104.0155         21        794        824         10
  400     330.0155       147.0155         28        848        878         10
  401     443.0155       237.0155         20        193        223         10
  402     316.0155       286.0155         30        137        167         10
  403     335.0155        46.0155         18       1342       1372         10
  404     381.0155       495.0155         20        322        352         10
  405     364.0155       173.0155         30        180        210         10
  406     267.0155       162.0155          6       1449       1479         10
  407     214.0155       245.0155          8         36         66         10
  408      92.0155       234.0155         10        235        265         10
  409     347.0155       459.0155         25        479        509         10
  410      30.0155         7.0155         23       1189       1219         10
  411     120.0155        37.0155         28        775        805         10
  412     397.0155       153.0155         29        882        912         10
  413     210.0155        29.0155         13       1051       1081         10
  414      87.0155       285.0155         30        241        271         10
  415     132.0155        32.0155         18        784        814         10
  416     390.0155       294.0155         20        237        267         10
  417      67.0155       451.0155          5       1216       1246         10
  418      24.0155        68.0155         20        414        444         10
  419     146.0155       439.0155         10        259        289         10
  420     209.0155       212.0155         18       1528       1558         10
  421       6.0155       292.0155         10        247        277         10
  422      18.0155        63.0155         10        339        369         10
  423     149.0155        98.0155          4       1165       1195         10
  424      91.0155       268.0155         10        245        275         10
  425     103.0155       177.0155         28        626        656         10
  426     367.0155       178.0155         20        180        210         10
  427     225.0155       269.0155         30       1271       1301         10
  428     443.0155       246.0155         20        230        260         10
  429     306.0155        42.0155         11        477        507         10
  430     374.0155       306.0155          4        994       1024         10
  431     413.0155       421.0155         10        303        333         10
  432     470.0155       405.0155         17        926        956         10
  433      33.0155       278.0155         18       1487       1517         10
  434     149.0155       458.0155         13       1164       1194         10
  435     257.0155        57.0155         18       1226       1256         10
  436     272.0155       403.0155         30        190        220         10
  437     221.0155       291.0155          9         50         80         10
  438       1.0155       101.0155          8       1257       1287         10
  439     332.0155       459.0155         35        369        399         10
  440     220.0155       392.0155         20        258        288         10
  441     253.0155        50.0155         27        226        256         10
  442     250.0155       441.0155          5        756        786         10
  443     471.0155       484.0155         10        340        370         10
  444     480.0155       152.0155         26       1022       1052         10
  445     404.0155        83.0155         30        298        328         10
  446     476.0155        94.0155         20        274        304         10
  447     458.0155       213.0155         22       1128       1158         10
  448     215.0155       395.0155         20        242        272         10
  449      85.0155       288.0155         20        182        212         10
  450     179.0155        75.0155         13        740        770         10
  451     228.0155       287.0155         21         43         73         10
  452     397.0155        18.0155         10        292        322         10
  453     238.0155       204.0155         20        105        135         10
  454     488.0155         3.0155          3        401        431         10
  455     407.0155        88.0155         10        324        354         10
  456     459.0155        14.0155         20        315        345         10
  457     120.0155        17.0155         30        279        309         10
  458     235.0155       316.0155          2        656        686         10
  459     370.0155       382.0155         11        884        914         10
  460     405.0155       454.0155         11       1303       1333         10
  461      17.0155       458.0155         10        433        463         10
  462      43.0155       135.0155         31        236        266         10
  463     318.0155       497.0155         21        854        884         10
  464     199.0155       268.0155         20         71        101         10
  465     111.0155       467.0155         20        287        317         10
  466     138.0155       438.0155         20        287        317         10
  467     172.0155       314.0155          9        545        575         10
  468     494.0155       468.0155         31        352        382         10
  469      35.0155       303.0155         20        221        251         10
  470     341.0155        59.0155         27        790        820         10
  471     423.0155       221.0155          9        258        288         10
  472     395.0155       295.0155         20        211        241         10
  473     413.0155       417.0155         10        356        386         10
  474     339.0155        60.0155         20        211        241         10
  475     277.0155       428.0155          7        490        520         10
  476     176.0155       199.0155         28         89        119         10
  477     265.0155       240.0155          9         18         48         10
  478     365.0155       190.0155         22       1477       1507         10
  479     133.0155        53.0155         20        279        309         10
  480     387.0155       488.0155         20        362        392         10
  481     385.0155       295.0155         20        142        172         10
  482     491.0155       369.0155         28        730        760         10
  483     445.0155       273.0155         20        258        288         10
  484     195.0155       273.0155         22         59         89         10
  485     313.0155       493.0155         20       1193       1223         10
  486     495.0155       227.0155         20        344        374         10
  487     241.0155       403.0155         10        220        250         10
  488      30.0155        72.0155         10        432        462         10
  489      21.0155       487.0155         10        350        380         10
  490     324.0155        99.0155         10        338        368         10
  491     453.0155       318.0155         30        374        404         10
  492     443.0155       272.0155         10        270        300         10
  493     447.0155       184.0155         27        424        454         10
  494     366.0155       288.0155         29        684        714         10
  495     440.0155       284.0155         25        852        882         10
  496      13.0155       314.0155         14        245        275         10
  497      72.0155       227.0155         25        564        594         10
  498     377.0155       385.0155          6        866        896         10
  499     477.0155       478.0155         20        392        422         10
  500     204.0155       185.0155         20        163        193         10
  501     226.0155       191.0155         20         93        123         10
  502     330.0155       138.0155         18       1110       1140         10
  503     185.0155       434.0155          9        574        604         10
  504     483.0155        22.0155         10        334        364         10
  505      71.0155       282.0155         29        642        672         10
  506      60.0155         5.0155         18       1044       1074         10
  507     189.0155       402.0155         10        536        566         10
  508     134.0155       211.0155         35        122        152         10
  509     146.0155       313.0155         22       1195       1225         10
  510      21.0155       146.0155         21        487        517         10
  511      37.0155       281.0155         17        493        523         10
  512     416.0155       417.0155         20        343        373         10
  513      44.0155       311.0155         27        407        437         10
  514     361.0155       181.0155         20        197        227         10
  515     444.0155       242.0155         10        216        246         10
  516     444.0155       271.0155         10        246        276         10
  517     359.0155       179.0155         20        162        192         10
  518     388.0155       334.0155         20        161        191         10
  519     401.0155       164.0155         13        621        651         10
  520     499.0155       316.0155         18        622        652         10
  521     399.0155       106.0155         20        302        332         10
  522     425.0155       215.0155         10        229        259         10
  523     407.0155        98.0155         10        218        248         10
  524     406.0155       460.0155          2        719        749         10
  525      88.0155        95.0155         20        270        300         10
  526      95.0155        64.0155          4        766        796         10
  527     306.0155       229.0155         10       1320       1350         10
  528     273.0155        55.0155         20        196        226         10
  529     384.0155       149.0155         18       1197       1227         10
  530     122.0155        35.0155         10        250        280         10
  531     308.0155       199.0155         14       1508       1538         10
  532     390.0155       301.0155         10        165        195         10
  533     300.0155       108.0155         10        150        180         10
  534     267.0155       400.0155         10        232        262         10
  535       8.0155       300.0155         10        356        386         10
  536     105.0155       181.0155         19       1531       1561         10
  537     398.0155       325.0155         30        233        263         10
  538     166.0155       247.0155          1         84        114         10
  539     140.0155       431.0155         30        211        241         10
  540     253.0155       118.0155         19        547        577         10
  541     359.0155       246.0155         18       1423       1453         10
  542     321.0155       277.0155         10         75        105         10
  543     168.0155        59.0155          6        366        396         10
  544     406.0155       285.0155         20        179        209         10
  545     391.0155       334.0155         20        181        211         10
  546     437.0155        19.0155         15       1014       1044         10
  547     201.0155       278.0155         13         56         86         10
  548     435.0155       267.0155         20        323        353         10
  549     245.0155       408.0155         10        204        234         10
  550      16.0155       462.0155         10        386        416         10
  551     107.0155       374.0155          8        914        944         10
  552     477.0155        97.0155         10        283        313         10
  553     346.0155        57.0155         20        308        338         10
  554      14.0155       459.0155         20        336        366         10
  555     102.0155         6.0155          3       1458       1488         10
  556     359.0155       287.0155         24        115        145         10
  557     297.0155       131.0155         25       1165       1195         10
  558     282.0155         1.0155         18       1042       1072         10
  559      21.0155        70.0155         15        771        801         10
  560     440.0155       244.0155         10        266        296         10
  561     482.0155       104.0155         19        807        837         10
  562     120.0155       261.0155          5        793        823         10
  563     125.0155        29.0155         30        283        313         10
  564     292.0155        32.0155         14        229        259         10
  565     262.0155        92.0155         25        630        660         10
  566      68.0155       160.0155         21       1136       1166         10
  567     405.0155       276.0155         20        234        264         10
  568     277.0155        50.0155         10        201        231         10
  569      32.0155       319.0155         21        401        431         10
  570     344.0155        70.0155         24       1146       1176         10
  571     481.0155        84.0155         17        506        536         10
  572      21.0155        68.0155         20        401        431         10
  573     441.0155       244.0155         10        277        307         10
  574      57.0155        43.0155         15       1023       1053         10
  575       1.0155       293.0155         10        268        298         10
  576     481.0155        96.0155         20        297        327         10
  577     471.0155       368.0155         19        428        458         10
  578     236.0155       126.0155         23        124        154         10
  579     406.0155        99.0155         20        227        257         10
  580     303.0155       186.0155         10       1354       1384         10
  581     225.0155       369.0155         38        121        151         10
  582     412.0155       453.0155         10        297        327         10
  583     104.0155       349.0155         20       1009       1039         10
  584     173.0155       182.0155         25        102        132         10
  585     111.0155       464.0155         10        311        341         10
  586      53.0155       440.0155         10        323        353         10
  587      69.0155       336.0155         20        218        248         10
  588     359.0155       182.0155         20        209        239         10
  589      13.0155       459.0155         20        347        377         10
  590     244.0155       277.0155         18       1301       1331         10
  591     484.0155       177.0155         20        252        282         10
  592     452.0155       206.0155         31        492        522         10
  593      22.0155       483.0155         30        325        355         10
  594     452.0155       110.0155         14        340        370         10
  595     347.0155       192.0155         18       1488       1518         10
  596      95.0155        92.0155         20        253        283         10
  597     368.0155       311.0155         14        926        956         10
  598     479.0155       387.0155         13        397        427         10
  599     479.0155       169.0155         20        309        339         10
  600     497.0155       266.0155         25        748        778         10
  601      66.0155       336.0155         10        253        283         10
  602     376.0155       195.0155         10        181        211         10
  603     401.0155       281.0155         20        261        291         10
  604     441.0155       177.0155         23       1001       1031         10
  605     231.0155       203.0155         20         67         97         10
  606      21.0155       488.0155         10        361        391         10
  607     231.0155       204.0155         20        150        180         10
  608     122.0155       422.0155          3       1457       1487         10
  609      65.0155       453.0155         30        282        312         10
  610     206.0155       261.0155         10        182        212         10
  611     466.0155       149.0155         16       1186       1216         10
  612     313.0155       119.0155         30        216        246         10
  613      90.0155       274.0155         20        179        209         10
  614      39.0155       162.0155         18        565        595         10
  615      35.0155       306.0155         20        229        259         10
  616     437.0155        15.0155         30        355        385         10
  617     307.0155       412.0155          8        404        434         10
  618      79.0155       291.0155         10        209        239         10
  619      64.0155       437.0155         11        918        948         10
  620     376.0155        92.0155         10        991       1021         10
  621     129.0155        27.0155         10        298        328         10
  622     196.0155       489.0155         23       1030       1060         10
  623      51.0155       286.0155         14       1459       1489         10
  624      20.0155       488.0155         10        372        402         10
  625      13.0155       455.0155         10        313        343         10
  626     170.0155       347.0155         15        436        466         10
  627      92.0155       230.0155         20        189        219         10
  628     117.0155       467.0155         10        254        284         10
  629     413.0155       217.0155         20        166        196         10
  630     405.0155       450.0155         20        253        283         10
  631     394.0155       322.0155         12       1025       1055         10
  632     125.0155        61.0155         26        612        642         10
  633     238.0155       123.0155         24        781        811         10
  634      11.0155       403.0155         18        343        373         10
  635      89.0155       272.0155         10        192        222         10
  636     304.0155       102.0155         30        197        227         10
  637     478.0155       121.0155         40        319        349         10
  638     408.0155        84.0155         10        284        314         10
  639     376.0155       494.0155         30        274        304         10
  640      20.0155        73.0155         10        290        320         10
  641     159.0155       299.0155         12       1016       1046         10
  642      95.0155       382.0155         19        231        261         10
  643     352.0155        63.0155          6       1178       1208         10
  644     365.0155       274.0155         14        117        147         10
  645      30.0155       301.0155         10        278        308         10
  646     351.0155         5.0155         12        496        526         10
  647     197.0155       267.0155         10        109        139         10
  648     498.0155       171.0155         12       1256       1286         10
  649     468.0155       352.0155          9        768        798         10
  650     418.0155       251.0155         21       1197       1227         10
  651     489.0155       437.0155         29        707        737         10
  652     251.0155        63.0155         14        987       1017         10
  653     132.0155        55.0155         10        267        297         10
  654     281.0155        96.0155          1       1126       1156         10
  655     333.0155       293.0155         27        617        647         10
  656     255.0155       487.0155         19        398        428         10
  657     207.0155       400.0155         20        191        221         10
  658     469.0155       489.0155          4        555        585         10
  659     244.0155       254.0155         20        100        130         10
  660     233.0155       207.0155         10         46         76         10
  661     441.0155        60.0155         21       1459       1489         10
  662     411.0155       379.0155         25       1193       1223         10
  663     178.0155        72.0155         23        757        787         10
  664      51.0155       447.0155         10        294        324         10
  665     478.0155       118.0155         20        354        384         10
  666     141.0155       426.0155         23        531        561         10
  667     295.0155        89.0155         23        742        772         10
  668     112.0155       433.0155         29        235        265         10
  669     320.0155       211.0155         16        993       1023         10
  670     400.0155       103.0155         10        256        286         10
  671     408.0155       453.0155         10        283        313         10
  672     435.0155       180.0155         37        225        255         10
  673     432.0155        66.0155         30       1071       1101         10
  674     374.0155       116.0155          9        587        617         10
  675     478.0155       102.0155         10        324        354         10
  676     335.0155        57.0155         30        210        240         10
  677     385.0155       239.0155         21        786        816         10
  678     386.0155       245.0155         16        479        509         10
  679     208.0155       396.0155         20        176        206         10
  680     380.0155       489.0155         20        379        409         10
  681     380.0155       498.0155         10        297        327         10
  682     440.0155         7.0155         20        314        344         10
  683     434.0155       245.0155         10        342        372         10
  684      90.0155       232.0155         10        212        242         10
  685     389.0155       334.0155         20        169        199         10
  686     241.0155       205.0155         30        118        148         10
  687      18.0155        24.0155         32        628        658         10
  688      57.0155       183.0155         15       1100       1130         10
  689      59.0155       457.0155         30        334        364         10
  690     442.0155       243.0155         10        289        319         10
  691     402.0155       281.0155         20        250        280         10
  692     445.0155       237.0155         10        200        230         10
  693     441.0155       273.0155         20        282        312         10
  694      31.0155       175.0155         24        247        277         10
  695     234.0155       202.0155         10         80        110         10
  696      52.0155       303.0155         25        441        471         10
  697     167.0155       445.0155          7       1412       1442         10
  698     179.0155       286.0155          8        341        371         10
  699     269.0155        48.0155         20        281        311         10
  700     165.0155        59.0155         27        943        973         10
  701     461.0155         8.0155         20        369        399         10
  702     421.0155       415.0155         30        237        267         10
  703      59.0155       459.0155         20        311        341         10
  704      24.0155       492.0155         10        462        492         10
  705      55.0155       449.0155         20        278        308         10
  706     224.0155       192.0155         10         70        100         10
  707     444.0155       269.0155         20        234        264         10
  708     491.0155        20.0155         20        394        424         10
  709     313.0155       126.0155         10        243        273         10
  710     283.0155       438.0155          3        231        261         10
  711     352.0155       241.0155          5        792        822         10
  712     398.0155       476.0155         25        418        448         10
  713     442.0155       247.0155         10        241        271         10
  714     217.0155       207.0155         26       1382       1412         10
  715     233.0155        87.0155         18        253        283         10
  716     479.0155       127.0155         20        270        300         10
  717       6.0155        53.0155          8        587        617         10
  718     478.0155       300.0155         12        890        920         10
  719     378.0155       493.0155         30        282        312         10
  720     303.0155        78.0155         12        179        209         10
  721     344.0155        62.0155         10        346        376         10
  722     371.0155       315.0155         18       1166       1196         10
  723     200.0155        78.0155         31        993       1023         10
  724     413.0155       391.0155          8        217        247         10
  725     415.0155       216.0155         10        176        206         10
  726     397.0155        57.0155         17       1476       1506         10
  727     293.0155       228.0155         19         48         78         10
  728       0.0155       297.0155         10        293        323         10
  729     435.0155        20.0155         20        381        411         10
  730     195.0155       111.0155         15        998       1028         10
  731     417.0155       218.0155         10        278        308         10
  732     340.0155        54.0155         10        238        268         10
  733     132.0155        57.0155         20        244        274         10
  734     210.0155       379.0155         12        709        739         10
  735     228.0155       260.0155         12       1606       1636         10
  736     399.0155       104.0155         10        290        320         10
  737      95.0155       277.0155         20        274        304         10
  738     360.0155       284.0155         19        667        697         10
  739      53.0155       466.0155          9        335        365         10
  740     112.0155       465.0155         10        299        329         10
  741     313.0155       391.0155          5        154        184         10
  742      93.0155       235.0155         10        246        276         10
  743     125.0155        32.0155         30        259        289         10
  744     215.0155       282.0155         21       1440       1470         10
  745     224.0155       320.0155         36       1284       1314         10
  746     134.0155       428.0155         20        308        338         10
  747      26.0155       490.0155         10        475        505         10
  748      44.0155       115.0155         24        246        276         10
  749     438.0155       127.0155          2        941        971         10
  750     239.0155        15.0155          2        604        634         10
  751     342.0155        54.0155         20        250        280         10
  752     109.0155       463.0155         30        334        364         10
  753     199.0155       187.0155         20        127        157         10
  754     201.0155       188.0155         10        139        169         10
  755     399.0155       301.0155         30        194        224         10
  756     484.0155       171.0155         10        293        323         10
  757     272.0155       234.0155         26       1590       1620         10
  758     380.0155       350.0155         15        866        896         10
  759     140.0155       108.0155         29       1071       1101         10
  760     228.0155       199.0155         10        134        164         10
  761     245.0155       461.0155          8        649        679         10
  762     305.0155       107.0155         20        225        255         10
  763     231.0155       195.0155         20        109        139         10
  764     450.0155       265.0155         10        216        246         10
  765     273.0155       149.0155         14       1503       1533         10
  766      12.0155       358.0155          7       1224       1254         10
  767     315.0155       121.0155         10        203        233         10
  768     420.0155       213.0155         10        204        234         10
  769     331.0155       134.0155         11       1124       1154         10
  770      84.0155       377.0155         10        926        956         10
  771     320.0155       280.0155         10         85        115         10
  772      89.0155       185.0155         16        600        630         10
  773     472.0155       481.0155         20        327        357         10
  774     422.0155       420.0155         20        263        293         10
  775     475.0155       267.0155          7        780        810         10
  776     470.0155       125.0155         20        253        283         10
  777     435.0155       268.0155         10        312        342         10
  778     409.0155       155.0155         19        185        215         10
  779     243.0155       248.0155         30         24         54         10
  780     488.0155        96.0155         22       1066       1096         10
  781     341.0155        72.0155          9        805        835         10
  782      58.0155       449.0155         30        363        393         10
  783      16.0155       460.0155         20        411        441         10
  784     480.0155       136.0155         22        256        286         10
  785     162.0155       388.0155         11       1126       1156         10
  786      47.0155       208.0155         30        226        256         10
  787     324.0155       127.0155         30        143        173         10
  788      87.0155        96.0155         30        282        312         10
  789     140.0155       137.0155         32        570        600         10
  790     314.0155       205.0155         22       1527       1557         10
  791      96.0155       346.0155         26        185        215         10
  792     321.0155       280.0155         30         77        107         10
  793     245.0155       251.0155         10          5         35         10
  794     436.0155       295.0155         11        528        558         10
  795     274.0155       261.0155         20       1707       1737         10
  796     271.0155       128.0155         12        346        376         10
  797     275.0155        45.0155         20        225        255         10
  798     422.0155       409.0155         10        234        264         10
  799     146.0155       188.0155          6       1235       1265         10
  800      93.0155        96.0155         20        225        255         10
  801     409.0155       255.0155         23       1522       1552         10
  802     449.0155       428.0155         25       1247       1277         10
  803      90.0155       285.0155         40        276        306         10
  804     415.0155        95.0155         15       1177       1207         10
  805      88.0155       287.0155         30        263        293         10
  806     379.0155       196.0155         20        194        224         10
  807     368.0155       452.0155         16        670        700         10
  808     202.0155       186.0155         20        151        181         10
  809     435.0155        11.0155         40        302        332         10
  810     269.0155        46.0155         20        269        299         10
  811       7.0155       292.0155         10        246        276         10
  812      44.0155       496.0155         32        402        432         10
  813     478.0155        99.0155         10        311        341         10
  814     391.0155        99.0155         20        206        236         10
  815     132.0155       477.0155         25        327        357         10
  816      24.0155        65.0155         10        365        395         10
  817     130.0155       247.0155         17        120        150         10
  818     133.0155       273.0155         20        119        149         10
  819     347.0155        62.0155         10        333        363         10
  820     404.0155       140.0155          8       1259       1289         10
  821     416.0155       420.0155         20        290        320         10
  822      67.0155       335.0155         20        242        272         10
  823      92.0155       270.0155         20        257        287         10
  824     411.0155        95.0155         30        243        273         10
  825     132.0155       479.0155         11        257        287         10
  826     366.0155       334.0155          5        410        440         10
  827     125.0155        39.0155         20        245        275         10
  828     419.0155       422.0155         20        276        306         10
  829     460.0155         2.0155         20        353        383         10
  830      67.0155       334.0155         20        231        261         10
  831     448.0155       414.0155         23       1223       1253         10
  832      46.0155       163.0155          8        926        956         10
  833      77.0155       465.0155         11        275        305         10
  834     284.0155       319.0155         17        817        847         10
  835     102.0155       422.0155         23        226        256         10
  836     240.0155        34.0155         28       1560       1590         10
  837     141.0155       428.0155         20        208        238         10
  838     204.0155       269.0155         30         49         79         10
  839     144.0155       439.0155         30        271        301         10
  840     470.0155       417.0155         11        737        767         10
  841     404.0155       103.0155         20        242        272         10
  842       5.0155       281.0155         16       1372       1402         10
  843     487.0155       320.0155         21        858        888         10
  844     398.0155        23.0155         10        270        300         10
  845      90.0155       296.0155         20        166        196         10
  846     386.0155        13.0155         10        337        367         10
  847     115.0155       465.0155         10        262        292         10
  848     473.0155       475.0155         10        417        447         10
  849     275.0155        42.0155         30        238        268         10
  850     286.0155       356.0155         30        111        141         10
  851      15.0155        69.0155         10        296        326         10
  852     267.0155        44.0155         20        256        286         10
  853     243.0155       399.0155         10        235        265         10
  854     390.0155       249.0155         21        582        612         10
  855     210.0155       391.0155         30        146        176         10
  856     433.0155        15.0155         20        297        327         10
  857      24.0155       259.0155         19        370        400         10
  858      12.0155       463.0155         20        361        391         10
  859     237.0155       213.0155         10        147        177         10
  860     182.0155       480.0155         31        365        395         10
  861     409.0155        88.0155         20        270        300         10
  862     244.0155       368.0155         25        414        444         10
  863     381.0155       328.0155         12        717        747         10
  864     213.0155       185.0155         21         74        104         10
  865     482.0155       141.0155         14       1011       1041         10
  866     319.0155       124.0155         20        178        208         10
  867     141.0155       431.0155         30        218        248         10
  868     198.0155       264.0155         20        140        170         10
  869      69.0155       334.0155         30        206        236         10
  870     299.0155        98.0155         30        167        197         10
  871     240.0155       250.0155         10         37         67         10
  872     199.0155       203.0155         20       1457       1487         10
  873     459.0155        17.0155         20        411        441         10
  874     423.0155       217.0155         20        242        272         10
  875     477.0155       179.0155         20        237        267         10
  876     213.0155       397.0155         10        217        247         10
  877     405.0155       187.0155         34       1251       1281         10
  878     269.0155       402.0155         20        203        233         10
  879      53.0155       204.0155          8       1055       1085         10
  880      13.0155       394.0155         15        373        403         10
  881      15.0155        68.0155         10        303        333         10
  882      56.0155       268.0155         28       1064       1094         10
  883     360.0155       184.0155         10        221        251         10
  884     307.0155       102.0155         40        210        240         10
  885     130.0155        57.0155         40        232        262         10
  886     250.0155       328.0155         24        249        279         10
  887      91.0155       231.0155         30        200        230         10
  888     479.0155       176.0155         20        240        270         10
  889     420.0155       224.0155         10        429        459         10
  890     461.0155       182.0155         13        629        659         10
  891     418.0155       218.0155         20        267        297         10
  892     419.0155       418.0155         10        249        279         10
  893     336.0155       493.0155         20       1493       1523         10
  894     389.0155       300.0155         10        154        184         10
  895      92.0155        76.0155          4       1139       1169         10
  896     476.0155       102.0155         20        336        366         10
  897     418.0155       399.0155         20        438        468         10
  898     109.0155        56.0155         27        239        269         10
  899      13.0155       465.0155         31        774        804         10
  900      92.0155       232.0155         10        177        207         10
  901     394.0155        47.0155          5        313        343         10
  902      16.0155       287.0155         12        271        301         10
  903     399.0155       102.0155         20        267        297         10
  904     143.0155       158.0155         12        141        171         10
  905      18.0155       484.0155         10        329        359         10
  906     250.0155       411.0155         30        188        218         10
  907      19.0155       273.0155         25       1017       1047         10
  908     365.0155        28.0155          9        268        298         10
  909     387.0155       297.0155         10        144        174         10
  910     433.0155       447.0155         20        794        824         10
  911     214.0155       274.0155         24       1369       1399         10
  912     489.0155       338.0155         17       1397       1427         10
  913     130.0155       494.0155          6        759        789         10
  914      23.0155        67.0155         30        389        419         10
  915     374.0155       489.0155         20        269        299         10
  916     126.0155        30.0155         10        272        302         10
  917     112.0155       467.0155         10        276        306         10
  918     489.0155       274.0155         31        534        564         10
  919      61.0155       214.0155          4        342        372         10
  920     166.0155       440.0155         12        207        237         10
  921      56.0155        75.0155         24       1438       1468         10
  922     210.0155       276.0155          5         47         77         10
  923      80.0155       286.0155         10        224        254         10
  924      17.0155       459.0155         10        422        452         10
  925      66.0155       448.0155         10        270        300         10
  926     351.0155       128.0155         15       1253       1283         10
  927     352.0155       176.0155         20        126        156         10
  928     490.0155       286.0155         29        522        552         10
  929     247.0155       219.0155         17         31         61         10
  930      86.0155       268.0155         10        217        247         10
  931     398.0155       329.0155         17        167        197         10
  932     272.0155       402.0155         10        160        190         10
  933     317.0155       123.0155         20        190        220         10
  934     408.0155       318.0155         15        643        673         10
  935      66.0155        31.0155         25       1048       1078         10
  936     425.0155       448.0155          9        794        824         10
  937      35.0155       304.0155         30        221        251         10
  938     471.0155        94.0155         30        999       1029         10
  939     470.0155       473.0155         10        431        461         10
  940     224.0155        56.0155         13       1186       1216         10
  941     343.0155        47.0155         20        277        307         10
  942      52.0155        18.0155         28        857        887         10
  943      16.0155        68.0155         20        314        344         10
  944     195.0155       185.0155         20        112        142         10
  945      92.0155       236.0155         20        258        288         10
  946      76.0155       462.0155         18        956        986         10
  947     124.0155        56.0155         20        231        261         10
  948     481.0155       454.0155         14        320        350         10
  949     477.0155       483.0155         20        366        396         10
  950     481.0155       124.0155         10        283        313         10
  951     389.0155       156.0155         27        716        746         10
  952     384.0155        16.0155         20        351        381         10
  953     492.0155        34.0155          5        811        841         10
  954     371.0155       200.0155         10        224        254         10
  955     153.0155       235.0155         10         98        128         10
  956     428.0155       202.0155         24        904        934         10
  957     257.0155       391.0155         22       1633       1663         10
  958     421.0155       218.0155         10        254        284         10
  959     206.0155       186.0155         10        188        218         10
  960     393.0155       301.0155         30        178        208         10
  961     204.0155       187.0155         30        175        205         10
  962     468.0155       475.0155         10        313        343         10
  963     477.0155       122.0155         10        330        360         10
  964     100.0155        66.0155         15       1400       1430         10
  965     489.0155        27.0155         10        421        451         10
  966      12.0155       451.0155         20        311        341         10
  967     197.0155       270.0155         30         96        126         10
  968     311.0155       422.0155         29        988       1018         10
  969     489.0155        17.0155         10        380        410         10
  970      13.0155       214.0155         21       1354       1384         10
  971     440.0155       247.0155         20        253        283         10
  972      28.0155       467.0155         34       1343       1373         10
  973     388.0155       325.0155         10        263        293         10
  974     270.0155       401.0155         20        152        182         10
  975       5.0155       445.0155         30        313        343         10
  976     198.0155       271.0155         20         84        114         10
  977     480.0155       131.0155          5        688        718         10
  978     437.0155        98.0155         16       1114       1144         10
  979     131.0155       246.0155         17        832        862         10
  980      49.0155       437.0155          7        427        457         10
  981     270.0155        49.0155         30        292        322         10
  982     337.0155        41.0155          8       1002       1032         10
  983     318.0155       280.0155         20         97        127         10
  984     154.0155       392.0155          9        171        201         10
  985     493.0155       111.0155         26        541        571         10
  986     399.0155       450.0155         20        359        389         10
  987      67.0155       452.0155         30        272        302         10
  988      34.0155       239.0155         16        219        249         10
  989     343.0155       276.0155         15         96        126         10
  990     393.0155        12.0155         10        309        339         10
  991     236.0155       247.0155         20         52         82         10
  992     340.0155       291.0155         22        470        500         10
  993       3.0155       292.0155         20        256        286         10
  994     209.0155        68.0155         27       1568       1598         10
  995      18.0155       225.0155          8        691        721         10
  996     147.0155       435.0155         20        245        275         10
  997     335.0155        99.0155         25       1218       1248         10
  998     485.0155        24.0155         20        326        356         10
  999     470.0155       475.0155         30        314        344         10
 1000     341.0155        58.0155         10        224        254         10