200
    0     250        250          0          0        400          0
    1     440        436         18        300        305         10
    2     214        394         10        307        310         10
    3     476        483         10        315        325         10
    4     352        487         27        326        337         10
    5     230        197         40        338        349         10
    6     175        239         23        350        351         10
    7     133        202         33        352        363         10
    8     328        458         17        364        375         10
    9      25        499         10        376        387         10
   10     226        423         15        388        395         10

